$ANSIBLE_VAULT;1.1;AES256
30656135393730333732623263613037353165643939333665626461313065616433323464386465
6136383832343831653235326331623363306665306335370a663635336265383663343138663634
61313137373930343162353334333164343936346237376236396532363536646138613863323963
6530636234343139610a356232386435626664653064633439393839376435356465323263653065
61616162646566393136333165303566383138636666376338313331356339306166636537653032
64623732363865653437393864663062393339353530383839613136623431616537613037356561
32373039303439313237396636323162646661386435313563333736373731366462306537343730
61396666663834346138353833633162373937303136623935663935356164353431623539363031
61393634366665626564643763336561343763363065633165656136396365353237376564653630
33396637633033356531626462636461336266636430346237666530663061393662303332346562
36313335323164656332303235633031383465326162613339626562373531366432633961353762
62376561633934393334633766646137306131393632336132656530336235376662383036393636
39393436343834613765373936636530356361633230633835666536353366623338653236306162
6531656436306662623362633931353630633832353139666236
