$ANSIBLE_VAULT;1.1;AES256
34653832623235633034343232346665353336363837376432363963333439343763396631636438
3066323730616538323664663639366563343462303935630a613636623262306636323765653961
30396262376239316562343838386565383035613435363036643938636531353565383461343930
6364356361613161320a396531386638313762376337303961323538643562616432656663323061
66393761653038653838383963623962333766323136356330303362393933343932663363343361
35613133373232383532363530353861633762333166353737316235643865626539323738326534
63356334343136633031636566646162653661653436373439326539353932346437333538653266
37396161386130623536383966346130323462386339663836316266306232613665353861313239
64623133636433313133643731303235306466373934343530623266643538626662353636643535
36346633613835383334336236663438396230613439353731306234643366353563353562313736
62336435343737613830346132613433323464323563383736373636366431623535376436346465
64613161323766393738306236323766613836376537643032373732343636326362303032643539
34373930323061623233306634666638656631316634633935303531313438343431353965396666
36333266353662343339613530336566323738633263343062666434356530383432326637383534
38323235386430333132613636303338613336663262666661373030396638303165373162626236
38306239633263323330323561356337313666613430353338613765626666306331646465613535
31303366613133333163616366376230633131633435323865393862306466373864646435643663
31633461373437366638666132346339663530336632666366383637376231353232373932623333
38653562626131666330363265653631646631373838356666623734313562303431336165643766
35316132393261616638626566666361353239346364306539623464373538653765336237313735
37643730336135633864313566656333316439396165663435323831643131623233333230623831
63623862653037393832653666373836326630356632383565396233353864386439643161366334
61393732333462613237366639343132353535623463363131393335366536346536353837363531
32656435666464383034353734396434373734666433333130613232333964356634333064656232
6232
