$ANSIBLE_VAULT;1.1;AES256
30343439383737613364336436643861363237363661636330326161666137316632656339386236
3631316363613131313962363135353764333032633562610a633937613433663762656566663837
62356337643864653135393362316366646639303034636663383435666637643765306135383534
3337356163643264380a316262633838396632666566336665386138623062663539353466363731
39393531623366303339633739373536343664323162373365376132376130663838623932626136
62663361336662636133633261303331313935633631323565383665343131346261363763316337
30376330623237343335383866396532616561386464313135316261333233663363646563376338
62613939356632636435353230633937666532376439393235323039356530346231336536366539
62323263366536343563666331393037613335333132633664303137633063623762633839336265
39613736343538333864623432613038636134626434323432636439636535303132376562356330
62666138653738623139323061323764363134356362303662316339363865363261643666653937
36343132326666623037653133363135613333643635386133653633626265616432316132613062
66633730363234323032303862373262643833653733373666383231626532326532363062383734
64356537316566353831373763376461386235396266633032323030616362623130346665363534
35366539343533393530646562653461383035363530383163376139373262636238343933346438
38303631333339333062353433376333643739303233633134363333663464353036646234653537
32313635623436343366643933353430616533313163336232376534643963396439306239303362
65343132376338353466316431353235393362656336363637616634366165386466303161616662
64356232376433663031373831636234623565353964356536323236623930616362343064316133
65623839313533613630623035363466636231383536666162646464666633386561663733633930
62386535613830333864326437333264366137376537643538393639316330343762663363633738
33646237636632336639643837626664666133333666666661306161353930386430633435613461
38613566353430366137653636333635386663393336386638383966373034323839313837313664
31396438303966366666383035363831646135363432376666613336396664633036313363636661
63323738623736323364666663303038646434343563616163636133386333373135333431396139
66356238653133646137663036393335326130343439626261666135356265623133636230383432
34366461346261613338303238326162383038336538663838323330616261383231363738323662
38666165396533646133326432643262363961386566613338623465646263363135623335346336
34633432633533666538343134633366386333616639666661333361353661313635363364383239
32643631343036653766666132643634396363623333373033393236316230383431353836363365
38363838343430626362626135316266363263646566333865643337333964633564663833386432
30393461666234636332336439396330376433346635323564303238626266623361636135616536
34396231383962326362396232383432656361353431616434343438666565636434323365353332
33313835653235653164616462303237336538616235383362383934323163316362366163636265
33646637336665303565343732323062313135313738366237323962366133613836323538393266
63323763333037323661353737353831326464353064363732626533373437333465633964376330
61666337663466663239636239646162646330636436386437323034383436643963316266653661
63663538646337336531656237313663363564313933306366373135613938353030343439323935
66376161343830373665636665656437303165376634363362386432363331333766626639663837
34316435386461653965396564353936386366363437373534346461353035393431623232303435
30303537373066643132396431636563396466613138366361316661343633626361306531303861
38663138313330626639656263636533373732613566626330383237636338316161653838613639
36636665333832373633333430343632646461353234386238353334333339613663373664613062
62633531376361346332393130656530656538656437376431373765303464643966333135613337
34373837663765363639366265396364323861306133363336323035356463626162303832313862
32383366313963383636343635636636333063373339373636633662323634663464316438366264
34613631636534653964313563363633316566613862626338316135616533343430326665383132
64613262663366336262643635376566623030376334333936376630353439616334376639393539
3034
