$ANSIBLE_VAULT;1.1;AES256
64626532376135643036623131363430376261663363356136626463633239346533316632626134
6537643038383833356335613439616230663261633561320a666566333432626639663066323366
65313831656136653066326234303736636331386265313236613237303033323362303066363762
3465366664303966380a326138323938666463656162656135383531343937353362633061633933
39373034626434316662666531633966353634646437396130623164626665373631323864383962
38656233646361643634386361353866626133373964633830303966636263633232303337633839
33343039623430323533353833363361303632396463643739636234653136383539363237373434
66333938333333626461626335633335373564663035646437313733633539373234353631356161
37313865383930303736313765336261383336316139343561663139663035333733366531373134
65656236633539363263313339643963643638623366383936646532303666366361646361333166
33646363323134646333656265666462633065303366373562356635343961623463373063653564
31653565643532303435
