$ANSIBLE_VAULT;1.1;AES256
63646638393336656264653861393035383530313761616338623435373464323530336163306239
3636366664613563653033633461636434623538633264340a366238393661666636353737366262
36356265643234393331353661346633613238396137663536663265663833316233303166343336
6536656631653962610a643532393934303334623131326131663535623234373230633062626338
30643537353134613533626334633731643236373235313537373061376162346664323562633435
61623936333964663636393336643164306664633733613635323637643637316563383039646130
64613134643666376134643665393532636132343364343263626335653035333532306664363764
36316635633665643466616533363561326537363737323033643566333931653030616637303331
37323264313364336430653963643330633039366662313664653765373661366136386638383432
39636263633232666338643361393363333961663163663266323365366232396430633539333934
35616335376633343662376135666137653464613863323666373332666462373530363938323433
38303131363265303431616461316639313632303964333333613032353332663138653364313435
66626339633139373936633164646231613464653466336531313465626431383663643266376564
65653433373033386334316263393439643063316564613663303966316263663837313830653062
35313165383336366566656361343637343363646461383565323233656235626139373435316335
65663333646361393130333631633063386334333562633961353537343964333065353239653963
34646665376132616466326631383164646531333236363731323131383634353132366238656432
32323464373130613462383039333365656431306232616530336538633634363663613637323739
35396662623033356431653963653462623361386266316438323834616130383432393330653966
34303461393831393231333161336335663131336534613366643534663463663936363531363866
39336131313537393634646238656636366464303535373131636465646633313866636536643632
61326563396566303763313439306638623235616265633762326337306463376439616633366637
65383433303561343362333264386438373238313630313831656561366263333831646361613431
39313237623339326137396263643337326463323165626636626130353434363935363931626334
62636234613664353634313036326462646539653432316132613830636562656163313739323430
33356631316335356131653733633338663231303865653234313539653566663834386432313936
30393837386630666139626339393137393432383935353139376564303763333530383832313035
63666264346337373365626537363834646465366566346634366666323633316161303735313566
64663136353239323637653131323765373838393234313366323064626363623633
