$ANSIBLE_VAULT;1.1;AES256
34366437313534663764653136303630356637613466303061316166643036316662613733306332
3361343738653731643835363764303136646139666137320a333437656138366165636164366335
37316466643862613930623831373162396239363530383530396265633230643461323436316663
3136633138323435380a323336306239646363643361336462386263646265643939343336623061
32343830643830636433666532366164376236373738313566346235346165623034623966623138
66653035366339353866346335353334356635343864323832396438643366303337653631353563
30393437646533333065393937333364633231323766376165313835663034373336346636386237
33366332353461333338323365646461303937393239393466613434633134646531353534646166
65333536656632316138373163613231386132613034656633303962383430356130653361346438
66383162333364366564626332303133636535356531336133653631356432663735643339313066
64653437653436643634646664393739633065656465326236303438356235656333653834346430
32366237623936643263643933623130373837623339366135326463656539306431656564326232
30313037623162323731313139643862663738336366393430386231376465643566343837633939
34363261643333376664323561646563646536636562663634623262353962666635653531323566
62356337626536303264313365356636656263393138653636653164393932323263643466326536
33346633626630323965643865306135333631643231616432343163393632396539366631313862
31613537323539336438356334346433383462356430663461653939613765393539623338653931
64623936396263353663376466343238326236336562313161326633616436663461633331316430
30373035313136353131613032376365333036346564333931366336393965306536373064313432
61323465623766343561376161383938613263383065613866666261643637376562373331356239
37613233343964623332303563626561646534653634656562626537663533383464656336366566
34356531653838663331616636616466356636306234333961646334346539303262646563363134
62383139316631666462333731666163383430333962656463623234353733636364336235633664
62353033373338666662
