$ANSIBLE_VAULT;1.1;AES256
33353562393761353866346230663830363465336463613639316364626365393866323063623630
6432633138636237333334626361303163373239643636380a656639393565616365396165623936
35303532326165343536616661666237383036653733316339343335323637393033636165646166
6532653665613439330a373761373434363563303937383531663261653165323939306266663336
63353762376439623165343964643563663561623465366237356662323537393734373166353134
66306262353631303935666534353637646361343737313262326134303632316265346333666461
32396166646233616331306533333234383766633430363162636131333238663965653866666339
33356563366661646537396466363165383235643738633865326265316465353764306633636363
37386638623665383533636435633833643535393261373538636333326439656330343133613231
32663533363335396663393733386339366361383665633066613965663966376333373838323031
36323737373962616335393435306639363138633666326134633534626265376331306161393534
61333539616431636337363264303863623161383237303837326632633133366132346435363537
6433
