$ANSIBLE_VAULT;1.1;AES256
32663537363534376339303061666461396339633538303636313731643265613934316530353464
3261323664636236613763376362386666303036663137350a353433343237373930303638666531
62323264643932323062623939313439353361313665343231303234333864393361393036666239
6662653132353664350a646361643537303664663562363833383838616337366533653431323539
61363036653366393265663966633035643231373065396230396465616632396564306464653338
34666130366135383138613031653661653961643739633535393437323133393232316633303563
62663031616166396431643863303639356466306336323038336439376134343961643661613837
31613933356261363261633034663336386636616638353466656133373737386238666634653739
61386165323864653033383761666333616162306166306537663530326461313563373161616262
36336438643131316338376139313266626532626161643166656132376166656336313537396463
66636263316335383066383334323831356638323833616635373338653934366334363765653264
61353230333065663761636163666330353362393833316132373561323466373264613162663862
6431
